204.0, 459.0, 714.0, 969.0, 1224.0, 1479.0, 1734.0, 1989.0, 2244.0, 2499.0, 2754.0, 3009.0, 3264.0, 3519.0, 3774.0, 4029.0, 4284.0, 4539.0, 4794.0, 5049.0, 5304.0, 5559.0, 5814.0, 6069.0, 6324.0, 6579.0, 6834.0, 7089.0, 7344.0, 7599.0, 7854.0, 8109.0, 8364.0, 8619.0, 8874.0, 9129.0, 9384.0, 9639.0, 9894.0, 10149.0, 10404.0, 10659.0, 10914.0, 11169.0, 11424.0, 11679.0, 11934.0, 12189.0, 12444.0, 12699.0, 12954.0.
335529.0
first: 255.0
step: 153.0
255.0, 408.0, 561.0, 714.0, 867.0, 1020.0, 1173.0, 1326.0, 1479.0, 1632.0, 1785.0, 1938.0, 2091.0, 2244.0, 2397.0, 2550.0, 2703.0, 2856.0, 3009.0, 3162.0, 3315.0, 3468.0, 3621.0, 3774.0, 3927.0, 4080.0, 4233.0, 4386.0, 4539.0, 4692.0, 4845.0, 4998.0, 5151.0, 5304.0, 5457.0, 5610.0, 5763.0, 5916.0, 6069.0, 6222.0, 6375.0, 6528.0, 6681.0, 6834.0, 6987.0, 7140.0, 7293.0, 7446.0, 7599.0, 7752.0, 7905.0, 8058.0, 8211.0, 8364.0, 8517.0, 8670.0, 8823.0, 8976.0, 9129.0, 9282.0, 9435.0, 9588.0, 9741.0, 9894.0, 10047.0, 10200.0, 10353.0, 10506.0, 10659.0, 10812.0, 10965.0, 11118.0, 11271.0, 11424.0, 11577.0, 11730.0, 11883.0, 12036.0, 12189.0, 12342.0, 12495.0, 12648.0, 12801.0, 12954.0, 13107.0, 13260.0, 13413.0, 13566.0, 13719.0, 13872.0, 14025.0, 14178.0, 14331.0, 14484.0, 14637.0, 14790.0, 14943.0, 15096.0, 15249.0, 15402.0, 15555.0, 15708.0, 15861.0, 16014.0, 16167.0, 16320.0, 16473.0, 16626.0, 16779.0, 16932.0, 17085.0, 17238.0, 17391.0, 17544.0, 17697.0, 17850.0, 18003.0, 18156.0, 18309.0, 18462.0, 18615.0, 18768.0, 18921.0, 19074.0, 19227.0, 19380.0, 19533.0, 19686.0, 19839.0, 19992.0, 20145.0, 20298.0, 20451.0, 20604.0, 20757.0, 20910.0, 21063.0, 21216.0, 21369.0, 21522.0, 21675.0, 21828.0, 21981.0, 22134.0, 22287.0, 22440.0, 22593.0, 22746.0, 22899.0, 23052.0, 23205.0, 23358.0, 23511.0.
1818099.0
first: 51.0
step: 255.0
51.0, 13005.0, 3316275.0, 8.45650125E8, 2.15640781875E11, 5.4988399378125E13, 1.4022041841421876E16, 3.5756206695625784E18, 9.117832707384575E20, 2.3250473403830666E23, 5.92887071797682E25, 1.5118620330840891E28, 3.855248184364427E30, 9.830882870129289E32, 2.5068751318829686E35, 6.39253158630157E37, 1.6300955545069002E40, 4.1567436639925956E42, 1.0599696343181119E45, 2.7029225675111853E47, 6.892452547153523E49, 1.7575753995241482E52, 4.481817268786578E54, 1.1428634035405774E57, 2.9143016790284724E59, 7.431469281522605E61, 1.8950246667882645E64, 4.832312900310075E66, 1.232239789579069E69, 3.142211463426626E71, 8.012639231737897E73, 2.0432230040931637E76, 5.210218660437567E78, 1.3286057584115797E81, 3.387944683949528E83, 8.639258944071297E85, 2.2030110307381807E88, 5.617678128382361E90, 1.432507922737502E93, 3.6528952029806296E95, 9.314882767600605E97, 2.3752951057381542E100, 6.057002519632293E102, 1.5445356425062347E105, 3.9385658883908984E107, 1.0043343015396792E110, 2.561052468926182E112, 6.530683795761764E114, 1.6653243679192498E117, 4.246577138194087E119, 1.0828771702394922E122.
1.0871404661853168E122
length: 255
first: 204.0
step: 102.0
204.0, 306.0, 408.0, 510.0, 612.0, 714.0, 816.0, 918.0, 1020.0, 1122.0, 1224.0, 1326.0, 1428.0, 1530.0, 1632.0, 1734.0, 1836.0, 1938.0, 2040.0, 2142.0, 2244.0, 2346.0, 2448.0, 2550.0, 2652.0, 2754.0, 2856.0, 2958.0, 3060.0, 3162.0, 3264.0, 3366.0, 3468.0, 3570.0, 3672.0, 3774.0, 3876.0, 3978.0, 4080.0, 4182.0, 4284.0, 4386.0, 4488.0, 4590.0, 4692.0, 4794.0, 4896.0, 4998.0, 5100.0, 5202.0, 5304.0, 5406.0, 5508.0, 5610.0, 5712.0, 5814.0, 5916.0, 6018.0, 6120.0, 6222.0, 6324.0, 6426.0, 6528.0, 6630.0, 6732.0, 6834.0, 6936.0, 7038.0, 7140.0, 7242.0, 7344.0, 7446.0, 7548.0, 7650.0, 7752.0, 7854.0, 7956.0, 8058.0, 8160.0, 8262.0, 8364.0, 8466.0, 8568.0, 8670.0, 8772.0, 8874.0, 8976.0, 9078.0, 9180.0, 9282.0, 9384.0, 9486.0, 9588.0, 9690.0, 9792.0, 9894.0, 9996.0, 10098.0, 10200.0, 10302.0, 10404.0, 10506.0, 10608.0, 10710.0, 10812.0, 10914.0, 11016.0, 11118.0, 11220.0, 11322.0, 11424.0, 11526.0, 11628.0, 11730.0, 11832.0, 11934.0, 12036.0, 12138.0, 12240.0, 12342.0, 12444.0, 12546.0, 12648.0, 12750.0, 12852.0, 12954.0, 13056.0, 13158.0, 13260.0, 13362.0, 13464.0, 13566.0, 13668.0, 13770.0, 13872.0, 13974.0, 14076.0, 14178.0, 14280.0, 14382.0, 14484.0, 14586.0, 14688.0, 14790.0, 14892.0, 14994.0, 15096.0, 15198.0, 15300.0, 15402.0, 15504.0, 15606.0, 15708.0, 15810.0, 15912.0, 16014.0, 16116.0, 16218.0, 16320.0, 16422.0, 16524.0, 16626.0, 16728.0, 16830.0, 16932.0, 17034.0, 17136.0, 17238.0, 17340.0, 17442.0, 17544.0, 17646.0, 17748.0, 17850.0, 17952.0, 18054.0, 18156.0, 18258.0, 18360.0, 18462.0, 18564.0, 18666.0, 18768.0, 18870.0, 18972.0, 19074.0, 19176.0, 19278.0, 19380.0, 19482.0, 19584.0, 19686.0, 19788.0, 19890.0, 19992.0, 20094.0, 20196.0, 20298.0, 20400.0, 20502.0, 20604.0, 20706.0, 20808.0, 20910.0, 21012.0, 21114.0, 21216.0, 21318.0, 21420.0, 21522.0, 21624.0, 21726.0, 21828.0, 21930.0, 22032.0, 22134.0, 22236.0, 22338.0, 22440.0, 22542.0, 22644.0, 22746.0, 22848.0, 22950.0, 23052.0, 23154.0, 23256.0, 23358.0, 23460.0, 23562.0, 23664.0, 23766.0, 23868.0, 23970.0, 24072.0, 24174.0, 24276.0, 24378.0, 24480.0, 24582.0, 24684.0, 24786.0, 24888.0, 24990.0, 25092.0, 25194.0, 25296.0, 25398.0, 25500.0, 25602.0, 25704.0, 25806.0, 25908.0, 26010.0, 26112.0.
3355290.0
length: 255
first: 1.0
step: 1.0
1.0, 2.0, 3.0, 4.0, 5.0, 6.0, 7.0, 8.0, 9.0, 10.0, 11.0, 12.0, 13.0, 14.0, 15.0, 16.0, 17.0, 18.0, 19.0, 20.0, 21.0, 22.0, 23.0, 24.0, 25.0, 26.0, 27.0, 28.0, 29.0, 30.0, 31.0, 32.0, 33.0, 34.0, 35.0, 36.0, 37.0, 38.0, 39.0, 40.0, 41.0, 42.0, 43.0, 44.0, 45.0, 46.0, 47.0, 48.0, 49.0, 50.0, 51.0, 52.0, 53.0, 54.0, 55.0, 56.0, 57.0, 58.0, 59.0, 60.0, 61.0, 62.0, 63.0, 64.0, 65.0, 66.0, 67.0, 68.0, 69.0, 70.0, 71.0, 72.0, 73.0, 74.0, 75.0, 76.0, 77.0, 78.0, 79.0, 80.0, 81.0, 82.0, 83.0, 84.0, 85.0, 86.0, 87.0, 88.0, 89.0, 90.0, 91.0, 92.0, 93.0, 94.0, 95.0, 96.0, 97.0, 98.0, 99.0, 100.0, 101.0, 102.0, 103.0, 104.0, 105.0, 106.0, 107.0, 108.0, 109.0, 110.0, 111.0, 112.0, 113.0, 114.0, 115.0, 116.0, 117.0, 118.0, 119.0, 120.0, 121.0, 122.0, 123.0, 124.0, 125.0, 126.0, 127.0, 128.0, 129.0, 130.0, 131.0, 132.0, 133.0, 134.0, 135.0, 136.0, 137.0, 138.0, 139.0, 140.0, 141.0, 142.0, 143.0, 144.0, 145.0, 146.0, 147.0, 148.0, 149.0, 150.0, 151.0, 152.0, 153.0, 154.0, 155.0, 156.0, 157.0, 158.0, 159.0, 160.0, 161.0, 162.0, 163.0, 164.0, 165.0, 166.0, 167.0, 168.0, 169.0, 170.0, 171.0, 172.0, 173.0, 174.0, 175.0, 176.0, 177.0, 178.0, 179.0, 180.0, 181.0, 182.0, 183.0, 184.0, 185.0, 186.0, 187.0, 188.0, 189.0, 190.0, 191.0, 192.0, 193.0, 194.0, 195.0, 196.0, 197.0, 198.0, 199.0, 200.0, 201.0, 202.0, 203.0, 204.0, 205.0, 206.0, 207.0, 208.0, 209.0, 210.0, 211.0, 212.0, 213.0, 214.0, 215.0, 216.0, 217.0, 218.0, 219.0, 220.0, 221.0, 222.0, 223.0, 224.0, 225.0, 226.0, 227.0, 228.0, 229.0, 230.0, 231.0, 232.0, 233.0, 234.0, 235.0, 236.0, 237.0, 238.0, 239.0, 240.0, 241.0, 242.0, 243.0, 244.0, 245.0, 246.0, 247.0, 248.0, 249.0, 250.0, 251.0, 252.0, 253.0, 254.0, 255.0.
32640.0
